**************************************************
* DATOS PARA REALIZAR LAS PRUEBAS DEL PROYECTO 3 *
**************************************************
=========
Función 1
=========

# Matriz de dinámica para el sistema clásico de canicas
#       0      1      2     3     4     5     6     7     8     9    10    11    12
M = 0 [[[0,0],[0,0],[0,0],[0,0],[0,0],[0,0],[0,0],[0,0],[0,0],[0,0],[0,0],[0,0],[1,0]], #0
    1 [[0,0],[0,0],[0,0],[0,0],[0,0],[0,0],[0,0],[0,0],[0,0],[0,0],[1,0],[0,0],[0,0]], #1
    2 [[0,0],[0,0],[0,0],[0,0],[0,0],[0,0],[0,0],[0,0],[0,0],[0,0],[0,0],[1,0],[0,0]], #2 
    3 [[0,0],[0,0],[1,0],[0,0],[0,0],[0,0],[0,0],[0,0],[0,0],[0,0],[0,0],[0,0],[0,0]], #3
    4 [[0,0],[0,0],[0,0],[1,0],[0,0],[0,0],[0,0],[0,0],[0,0],[0,0],[0,0],[0,0],[0,0]], #4 
    5 [[0,0],[0,0],[0,0],[0,0],[0,0],[0,0],[1,0],[0,0],[0,0],[0,0],[0,0],[0,0],[0,0]], #5
    6 [[0,0],[0,0],[0,0],[0,0],[0,0],[1,0],[0,0],[0,0],[0,0],[1,0],[0,0],[0,0],[0,0]], #6
    7 [[0,0],[0,0],[0,0],[0,0],[1,0],[0,0],[0,0],[0,0],[0,0],[0,0],[0,0],[0,0],[0,0]], #7
    8 [[0,0],[1,0],[0,0],[0,0],[0,0],[0,0],[0,0],[0,0],[0,0],[0,0],[0,0],[0,0],[0,0]], #8
    9 [[1,0],[0,0],[0,0],[0,0],[0,0],[0,0],[0,0],[0,0],[0,0],[0,0],[0,0],[0,0],[0,0]], #9
    10 [[0,0],[0,0],[0,0],[0,0],[0,0],[0,0],[0,0],[0,0],[1,0],[0,0],[0,0],[0,0],[0,0]], #10
    11 [[0,0],[0,0],[0,0],[0,0],[0,0],[0,0],[0,0],[1,0],[0,0],[0,0],[0,0],[0,0],[0,0]], #11
    12 [[0,0],[0,0],[0,0],[0,0],[0,0],[0,0],[0,0],[0,0],[0,0],[0,0],[0,0],[0,0],[0,0]]  #12
    ]

# Vector de estado inicial para el sistema clásico de canicas
V = [[[10,0]],  #0
     [[4,0]],   #1
     [[1,0]],   #2
     [[7,0]],   #3
     [[2,0]],   #4
     [[2,0]],   #5
     [[11,0]],  #6
     [[0,0]],   #7
     [[3,0]],   #8
     [[1,0]],   #9
     [[0,0]],   #10
     [[5,0]],   #11
     [[2,0]]    #12
    ]

=========
Función 2
=========

# Matriz de la dinámica para el sistema probabilístico A
MA = [[[0,0],[0.2,0],[0.3,0],[0.5,0]],
      [[0.3,0],[0.2,0],[0.1,0],[0.4,0]],
      [[0.4,0],[0.3,0],[0.2,0],[0.1,0]],
      [[0.3,0],[0.3,0],[0.4,0],[0,0]]
     ]

# Matriz de la dinámica para el sistema probabilístico B
MB = [[[0,0],[1/6,0],[5/6,0]], 
      [[1/3,0],[1/2,0],[1/6,0]], 
      [[2/3,0],[1/3,0],[0,0]] 
     ]

# Vector de estado inicial sistema probabilístico A
VA = [[[0.2,0]],[[0.1,0]],[[0.6,0]],[[0.1,0]]]

# Vector de estado inicial sistema probabilístico B
VB = [[[0.7,0]],[[0.15,0]],[[0.15,0]]]

=========
Función 3
=========
# Vector de amplitudes (parámetro)
r = 1/np.sqrt(22)
V = [[[r,r]],   #1
     [[-r,-r]], #2
     [[-r,r]],  #3
     [[-r,-r]], #4
     [[r,-r]],  #5
     [[-r,-r]], #6
     [[-r,-r]], #7
     [[-r,-r]], #8
     [[r,-r]],  #9
     [[r,-r]],  #10
     [[-r,r]]   #11
     ]